569179916 1568363200
569229104 1568412373
569196318 1568379597
569212710 1568395984
569261891 1568445150
569278293 1568461547
569245492 1568428756
569294686 1568477935
569311088 1568494332
569327480 1568510719
569343876 1568527110
569360274 1568543503
569393062 1568576281
569409462 1568592676
569376668 1568559892
569425852 1568609061
569442246 1568625450
569458646 1568641845
569540877 1568729624
569573713 1568762503
569590112 1568778897
569622902 1568811677
569606508 1568795288
569639300 1568828070
569655696 1568844461
569672094 1568860854
569688490 1568877245
569704888 1568893638
569721288 1568910033
569737680 1568926420
569754080 1568942815
569770472 1568959202
569786868 1568975593
573632725 1590343710
569803264 1568991984
569819660 1569008375
580028168 1785808533
573649130 1590360110
581119387 1612969711
573665526 1590376501
581135797 1612986116
589183030 1636934071
581152242 1613002556
629339087 1737473624
598886566 1663403536
598902962 1663419927
589199430 1636950466
629804604 1737951443
630187058 1738343471
635075728 1745178224
635190875 1745294224
635207325 1745310669
635240184 1745343530
635290133 1745402403
635306529 1745418794
635322939 1745435199
635339358 1745451613
635355766 1745468016
635388600 1745500840
635372182 1745484427
635405007 1745517242
635421409 1745533639
635437823 1745550048
635454228 1745566448
635470637 1745582852
635487042 1745599252
635503444 1745615649
635519854 1745632054
635536263 1745648458
635552655 1745664845
635569062 1745681247
635585460 1745697640
635601854 1745714029
635618250 1745730420
635634651 1745746816
635651074 1745763234
635667496 1745779651
635683894 1745796044
635700304 1745812449
635716718 1745828858
635733116 1745845251
635765918 1745878043
635749518 1745861648
635782323 1745894443
635798740 1745910855
635815148 1745927258
635831551 1745943656
635847957 1745960057
635864371 1745976466
635880777 1745992867
635897185 1746009270
635913592 1746025672
635929994 1746042069
635946424 1746058494
635962826 1746074891
635979233 1746091293
635995628 1746107683
636012030 1746124080
636028429 1746140474
636044838 1746156878
636061236 1746173271
636077644 1746189674
636094040 1746206065
636110444 1746222464
636126836 1746238851
636143239 1746255249
636159645 1746271650
636176054 1746288054
636192456 1746304451
636208887 1746320877
636225291 1746337276
636241709 1746353689
636258132 1746370107
636274561 1746386531
636290958 1746402923
636307382 1746419342
636323812 1746435767
636340231 1746452181
636356644 1746468589
636389448 1746501383
636373051 1746484991
636405854 1746517784
636422252 1746534177
636438670 1746550590
636455080 1746566995
636471484 1746583394
636487888 1746599793
636504293 1746616193
636520698 1746632593
636537102 1746648992
636553507 1746665392
636586304 1746698179
636569904 1746681784
636602703 1746714573
636619105 1746730970
636635501 1746747361
636651897 1746763752
636668299 1746780149
636684695 1746796540
636717485 1746829320
636701089 1746812929
636733881 1746845711
636750295 1746862120
636766691 1746878511
636783087 1746894902
636799486 1746911296
636815897 1746927702
636832300 1746944100
636848701 1746960496
636865115 1746976905
636881520 1746993305
636914312 1747026087
636897920 1747009700
636930708 1747042478
636947106 1747058871
636963513 1747075273
636979909 1747091664
636996315 1747108065
637012729 1747124474
637045532 1747157267
637029121 1747140861
637061926 1747173656
637078330 1747190055
637094745 1747206465
637111146 1747222861
637127550 1747239260
637143966 1747255671
637160369 1747272069
637176761 1747288456
637193167 1747304857
637209563 1747321248
637225963 1747337643
637242371 1747354046
637258773 1747370443
637275177 1747386842
637291581 1747403241
637307977 1747419632
637324391 1747436041
637340789 1747452434
637357185 1747468825
637373595 1747485230
637389998 1747501628
637406409 1747518034
637422803 1747534423
637439210 1747550825
637455611 1747567221
637472010 1747583615
637488410 1747600010
637504817 1747616412
637521235 1747632825
637537634 1747649219
637570431 1747682006
637554028 1747665608
637603225 1747714790
637586827 1747698397
637636026 1747747581
637619623 1747731183
637652431 1747763981
637668842 1747780387
637685238 1747796778
637701628 1747813163
637734446 1747845971
637718040 1747829570
637767266 1747878781
637750856 1747862376
637783673 1747895183
637800080 1747911585
637816476 1747927976
637832878 1747944373
637849272 1747960762
637865674 1747977159
637882079 1747993559
637898480 1748009955
637914870 1748026340
637931266 1748042731
637947667 1748059127
637964076 1748075531
637980481 1748091931
637996885 1748108330
638013283 1748124723
638029682 1748141117
638046086 1748157516
638062480 1748173905
638078884 1748190304
638095291 1748206706
638111701 1748223111
638128106 1748239511
638144498 1748255898
638160894 1748272289
638177293 1748288683
638193693 1748305078
638210100 1748321480
638226509 1748337884
638242911 1748354281
638259309 1748370674
638275705 1748387065
638292101 1748403456
638308497 1748419847
638324889 1748436234
638341299 1748452639
638357708 1748469043
638374100 1748485430
638390504 1748501829
638406906 1748518226
638423313 1748534628
638439714 1748551024
638456130 1748567435
638472543 1748583843
638488945 1748600240
638505348 1748616638
638521752 1748633037
638538165 1748649445
638554570 1748665845
638570966 1748682236
638587367 1748698632
638603769 1748715029
638620185 1748731440
638636600 1748747850
638652992 1748764237
638669413 1748780653
638685809 1748797044
638735026 1748846246
638718629 1748829854
638702207 1748813437
638751432 1748862647
638784241 1748895446
638767836 1748879046
638800647 1748911847
638817045 1748928240
638849845 1748961030
638833453 1748944643
638866241 1748977421
638882639 1748993814
638915433 1749026598
638899035 1749010205
638931833 1749042993
638948228 1749059383
638981036 1749092181
638964629 1749075779
638997443 1749108583
639013850 1749124985
639046660 1749157785
639030251 1749141381
639063066 1749174186
639079469 1749190584
639095865 1749206975
639112266 1749223371
639128668 1749239768
639145070 1749256165
639177863 1749288948
639161473 1749272563
639194273 1749305353
639210675 1749321750
639243490 1749354555
639227086 1749338156
639259888 1749370948
639276281 1749387336
639292688 1749403738
639309090 1749420135
639325492 1749436532
639341886 1749452921
639358286 1749469316
639374680 1749485705
639407491 1749518506
639391091 1749502111
639423899 1749534909
639440306 1749551311
639456710 1749567710
639473123 1749584118
639489524 1749600514
639505930 1749616915
639522329 1749633309
639538729 1749649704
639555124 1749666094
639571529 1749682494
639587931 1749698891
639604335 1749715290
639620732 1749731682
639637137 1749748082
639653538 1749764478
639669941 1749780876
639686334 1749797264
639702736 1749813661
639719134 1749830054
639735542 1749846457
639751943 1749862853
639768339 1749879244
639784743 1749895643
639801145 1749912040
639817557 1749928447
639833962 1749944847
639850371 1749961251
639866778 1749977653
639883178 1749994048
639899582 1750010447
639915980 1750026840
639932387 1750043242
639948785 1750059635
639965189 1750076034
639997980 1750108815
639981583 1750092423
640014382 1750125212
640030785 1750141610
640063590 1750174405
640047184 1750158004
640079991 1750190801
640096401 1750207206
640112801 1750223601
640129199 1750239994
640145600 1750256390
640161998 1750272783
640194799 1750305574
640178399 1750289179
640211200 1750321970
640227596 1750338361
640243999 1750354759
640260398 1750371153
640276798 1750387548
640293191 1750403936
640309590 1750420330
640325984 1750436719
640342383 1750453113
640358787 1750469512
640375183 1750485903
640391580 1750502295
640407978 1750518688
640424380 1750535085
640440776 1750551476
640457176 1750567871
640473580 1750584270
640489980 1750600665
640506389 1750617069
640522793 1750633468
640539201 1750649871
640555602 1750666267
640572007 1750682667
640588401 1750699056
640604807 1750715457
640621203 1750731848
640637599 1750748239
640653993 1750764628
640670395 1750781025
640686797 1750797422
640703197 1750813817
640719599 1750830214
640735993 1750846603
640752399 1750863004
640768799 1750879399
640785205 1750895800
640801609 1750912199
640818014 1750928599
640834416 1750944996
640850821 1750961396
640867233 1750977803
640883627 1750994192
640900027 1751010587
640932833 1751043383
640916430 1751026985
640949236 1751059781
640965645 1751076185
640982046 1751092581
640998446 1751108976
641014853 1751125378
641031245 1751141765
641047649 1751158164
641064048 1751174558
641080455 1751190960
641096856 1751207356
641113250 1751223745
641129661 1751240151
641146061 1751256546
641162465 1751272945
641178863 1751289338
641195265 1751305735
641211676 1751322141
641228083 1751338543
641244485 1751354940
641260883 1751371333
641277293 1751387738
641293692 1751404132
641310100 1751420535
641326502 1751436932
641342900 1751453325
641359292 1751469712
641375692 1751486107
641392098 1751502508
641424899 1751535299
641408494 1751518899
641441309 1751551704
641457704 1751568094
641474118 1751584503
641490518 1751600898
641506929 1751617304
641523336 1751633706
641539734 1751650099
641556138 1751666498
641572536 1751682891
641588939 1751699289
641605333 1751715678
641621729 1751732069
641638126 1751748461
641654528 1751764858
641687326 1751797646
641670928 1751781253
641703734 1751814049
641720130 1751830440
641752936 1751863236
641736529 1751846834
641769342 1751879637
641785743 1751896033
641802139 1751912424
641818535 1751928815
641834938 1751945213
641851340 1751961610
641867736 1751978001
641884135 1751994395
641900538 1752010793
641916939 1752027189
641949725 1752059965
641933329 1752043574
641966121 1752076356
641982531 1752092761
642015329 1752125549
641998931 1752109156
642031731 1752141946
642048126 1752158336
642080933 1752191133
642064518 1752174723
642113725 1752223915
642097331 1752207526
642130143 1752240328
642146549 1752256729
642162951 1752273126
642179357 1752289527
642195758 1752305923
642212155 1752322315
642228553 1752338708
642244949 1752355099
642261359 1752371504
642277749 1752387889
642294157 1752404292
642310567 1752420697
642326968 1752437093
642343366 1752453486
642359764 1752469879
642376162 1752486272
642392557 1752502662
642408955 1752519055
642425368 1752535463
642441769 1752551859
642458173 1752568258
642474575 1752584655
642490973 1752601048
642507381 1752617451
642523786 1752633851
642540193 1752650253
642556606 1752666661
642573007 1752683057
642589411 1752699456
642605813 1752715853
642622206 1752732241
642638605 1752748635
642655005 1752765030
642671411 1752781431
642687815 1752797830
642704213 1752814223
642720616 1752830621
642737016 1752847016
642753422 1752863417
642769812 1752879802
642786210 1752896195
642802604 1752912584
642819004 1752928979
642835404 1752945374
642851806 1752961771
642868205 1752978165
642884609 1752994564
642901005 1753010955
642917399 1753027344
642933793 1753043733
642950192 1753060127
642966594 1753076524
642982992 1753092917
642999386 1753109306
643015781 1753125696
643032173 1753142083
643048569 1753158474
643064983 1753174883
643081379 1753191274
643097787 1753207677
643114187 1753224072
643130585 1753240465
643146989 1753256864
643163383 1753273253
643179783 1753289648
643196183 1753306043
643212587 1753322442
643228979 1753338829
643245383 1753355228
643261787 1753371627
643278189 1753388024
643294583 1753404413
643327379 1753437199
643310985 1753420810
643343781 1753453596
643360185 1753469995
643392981 1753502781
643376587 1753486392
643409383 1753519178
643425789 1753535579
643458589 1753568369
643442189 1753551974
643474987 1753584762
643491396 1753601166
643507800 1753617565
643524196 1753633956
643540600 1753650355
643556998 1753666748
643573390 1753683135
643589787 1753699527
643606185 1753715920
643622591 1753732321
643655392 1753765112
643638987 1753748712
643671794 1753781509
643688196 1753797906
643704603 1753814308
643721012 1753830712
643737418 1753847113
643753820 1753863510
643770222 1753879907
643786630 1753896310
643803031 1753912706
643819425 1753929095
643852234 1753961894
643835822 1753945487
643868635 1753978290
643885046 1753994696
643901446 1754011091
643917848 1754027488
643934251 1754043886
643950649 1754060279
643983460 1754093080
643967056 1754076681
643999858 1754109473
644016258 1754125868
644032658 1754142263
644049058 1754158658
644065464 1754175059
644081866 1754191456
644098262 1754207847
644114668 1754224248
644131066 1754240641
644147468 1754257038
644163872 1754273437
644180274 1754289834
644196677 1754306232
644213078 1754322628
644229480 1754339025
644245881 1754355421
644262280 1754371815
644278687 1754388217
644295083 1754404608
644311495 1754421015
644327896 1754437411
644344298 1754453808
644360723 1754470228
644377117 1754486617
644393509 1754503004
644409903 1754519393
644426301 1754535786
644442699 1754552179
644459099 1754568574
644475512 1754584982
644491916 1754601381
644508323 1754617783
644524719 1754634174
644541121 1754650571
644557523 1754666968
644573918 1754683358
644590321 1754699756
644606719 1754716149
644623131 1754732556
644639532 1754748952
644655952 1754765367
644672350 1754781760
644688754 1754798159
644705157 1754814557
644721557 1754830952
644737963 1754847353
644754365 1754863750
644770757 1754880137
644787155 1754896530
644819969 1754929334
644803567 1754912937
644836370 1754945730
644852770 1754962125
644869175 1754978525
644885576 1754994921
644901976 1755011316
644918374 1755027709
644951171 1755060496
644934773 1755044103
644967567 1755076887
644983971 1755093286
645000385 1755109695
645016809 1755126114
645033224 1755142524
645049629 1755158924
645066027 1755175317
645082419 1755191704
645098819 1755208099
645115229 1755224504
645131651 1755240921
645148057 1755257322
645164460 1755273720
645180858 1755290113
645197265 1755306515
645213663 1755322908
645230068 1755339308
645246483 1755355718
645262884 1755372114
645279284 1755388509
645295683 1755404903
645312083 1755421298
645328485 1755437695
645344891 1755454096
645361283 1755470483
645377681 1755486876
645394079 1755503269
645410471 1755519656
645426873 1755536053
645443279 1755552454
645459679 1755568849
645476082 1755585247
645492478 1755601638
645508882 1755618037
645525280 1755634430
645541677 1755650822
645558079 1755667219
645574479 1755683614
645590879 1755700009
645607281 1755716406
645623682 1755732802
645640088 1755749203
645656482 1755765592
645672886 1755781991
645689288 1755798388
645705692 1755814787
645722086 1755831176
645738480 1755847565
645754880 1755863960
645771274 1755880349
645787666 1755896736
645804064 1755913129
645820466 1755929526
645836864 1755945919
645853268 1755962318
645869665 1755978710
645886063 1755995103
645902471 1756011506
645918876 1756027906
645951679 1756060699
645935277 1756044302
645968080 1756077095
645984486 1756093496
646000889 1756109894
646017290 1756126290
646033705 1756142700
646050100 1756159090
646066508 1756175493
646082913 1756191893
646099320 1756208295
646115728 1756224698
646132128 1756241093
646148527 1756257487
646164930 1756273885
646181326 1756290276
646197734 1756306679
646214142 1756323082
646230538 1756339473
646246942 1756355872
646263343 1756372268
646279747 1756388667
646312572 1756421482
646296152 1756405067
646328973 1756437878
646345377 1756454277
646361773 1756470668
646394582 1756503467
646378171 1756487061
646410985 1756519865
646427381 1756536256
646443779 1756552649
646476586 1756585446
646460186 1756569051
646492982 1756601837
646509383 1756618233
646525789 1756634634
646542203 1756651043
646558607 1756667442
646574999 1756683829
646591410 1756700235
646607808 1756716628
646624217 1756733032
646640620 1756749430
646657018 1756765823
646673427 1756782227
646689831 1756798626
646706231 1756815021
646739037 1756847817
646722635 1756831420
646755427 1756864202
646771831 1756880601
646804636 1756913396
646788231 1756896996
646821034 1756929789
646837431 1756946181
646853831 1756962576
646870233 1756978973
646903033 1757011763
646886635 1756995370
646919433 1757028158
646935831 1757044551
646952240 1757060955
646968650 1757077360
646985048 1757093753
647001449 1757110149
647017845 1757126540
647034250 1757142940
647067063 1757175743
647050656 1757159341
647083461 1757192136
647099855 1757208525
647132647 1757241307
647116249 1757224914
647149049 1757257704
647165451 1757274101
647181857 1757290502
647198255 1757306895
647231065 1757339695
647214659 1757323294
647247473 1757356098
647263870 1757372490
647280262 1757388877
647296673 1757405283
647313088 1757421693
647329488 1757438088
647345885 1757454480
647362283 1757470873
647378677 1757487262
647395079 1757503659
647427873 1757536443
647411477 1757520052
647444270 1757552835
647460680 1757569240
647477080 1757585635
647493480 1757602030
647509894 1757618439
647526286 1757634826
647542684 1757651219
647559090 1757667620
647591897 1757700417
647575494 1757684019
647608304 1757716819
647624716 1757733226
647641112 1757749617
647657512 1757766012
647673920 1757782415
647690330 1757798820
647706736 1757815221
647723134 1757831614
647739541 1757848016
647755937 1757864407
647772342 1757880807
647788740 1757897200
647805145 1757913600
647821549 1757929999
647837952 1757946397
647854359 1757962799
647870775 1757979210
647887184 1757995614
647903586 1758012011
647919994 1758028414
647936400 1758044815
647952792 1758061202
647969193 1758077598
647985594 1758093994
648001999 1758110394
648018399 1758126789
648034801 1758143186
648051206 1758159586
648067600 1758175975
648084008 1758192378
648100421 1758208786
648116829 1758225189
648133225 1758241580
648149629 1758257979
648166021 1758274366
648182415 1758290755
648198809 1758307144
648215211 1758323541
648231605 1758339930
648248009 1758356329
648264415 1758372730
648280824 1758389134
648297233 1758405538
648313645 1758421945
648330043 1758438338
648346448 1758454738
648362848 1758471133
648379251 1758487531
648395652 1758503927
648412055 1758520325
648428457 1758536722
648444862 1758553122
648461254 1758569509
648477652 1758585902
648494060 1758602305
648510456 1758618696
648526862 1758635097
648543260 1758651490
648559666 1758667891
648576064 1758684284
648592466 1758700681
648608864 1758717074
648625263 1758733468
648641666 1758749866
648658066 1758766261
648690872 1758799057
648674474 1758782664
648707266 1758815446
648723667 1758831842
648740069 1758848239
648756473 1758864638
648772876 1758881036
648789282 1758897437
648805681 1758913831
648822079 1758930224
648838488 1758946628
648854900 1758963035
648871311 1758979441
648887724 1758995849
648904137 1759012257
648920533 1759028648
648936942 1759045052
648953338 1759061443
648969740 1759077840
648986146 1759094241
649002551 1759110641
649018951 1759127036
649035345 1759143425
649051754 1759159829
649068157 1759176227
649100985 1759209045
649084578 1759192643
649117394 1759225449
649133789 1759241839
649166602 1759274642
649150198 1759258243
649183018 1759291053
649215823 1759323848
649199421 1759307451
649232230 1759340250
649248627 1759356642
649265029 1759373039
649399008 1759523744
649415426 1759540157
649431840 1759556566
649448259 1759572980
